59.93086109365179
47.674418604651166
48.52294154619736
92.77184160905091
89.97485857950974
92.99182903834067
90.28912633563796
7.1024512884978
38.08925204274041
19.83029541169076
89.22061596480201
82.96668761785041
40.037712130735386
25.927089880578254
83.12382149591451
8.359522313010686
87.02074167190446
7.196731615336266
82.36957888120679
7.6995600251414205
67.66184789440604
93.45653403733736
86.9696398265133
92.11766924382425
52.95115972091269
88.64793513105789
91.11823496134264
57.8351876296436
90.34508768621535
77.61644352253441
